506
299
636
1174
455
637
1147
532
260
189
549
873
511
1450
281
588
303
193
545
1434
817
327
305
907
354
1900
919
762
387
952
234
1359
205
531
293
1036
436
3548
1478
717
2756
230
227
897
401
1068
1401
224
142
236
261
242
159
588
584
2007
2389
1008
248
159
128
839
293
118
1135
443
931
808
335
176
186
156
487
186
151
119
190
381
158
394
1184
228
545
404
297
236
1059
335
150
1105
312
497
232
224
301
280
1061
843
193
139
119
1215
447
863
504
3019
1009
182
283
704
765
215
420
392
2725
849
464
315
256
323
716
673
319
1068
691
1388
2652
323
188
316
647
668
949
504
581
522
2287
1170
356
836
238
483
740
1802
792
5356
305
741
766
260
1537
1423
2385
2941
837
2168
189
215
589
203
305
225
134
309
353
369
3351
308
1293
273
421
110
270
218
190
280
1148
174
232
296
714
888
648
158
1457
347
1242
1717
1182
180
359
283
418
250
622
1132
1308
348
441
465
1236
727
274
383
1204
447
707
1561
373
860
296
158
341
277
354
1141
903
327
761
295
1714
2591
369
424
265
139
417
562
339
974
1370
3308
224
303
116
959
1143
550
1513
138
1298
330
1048
486
1424
1515
312
354
328
341
1169
164
369
260
313
1366
122
1870
1095
1075
461
163
165
111
276
876
1007
2347
1779
337
1233
1526
423
700
1609
182
158
287
436
439
1252
535
371
2313
836
306
137
865
263
222
1624
185
137
1414
1390
282
401
1629
2007
509
1132
506
368
1072
900
472
419
271
272
554
157
559
754
751
1229
1565
3697
359
195
505
1463
156
665
605
290
187
116
387
250
2324
630
5279
1527
326
209
176
1928
2588
305
652
457
4947
393
375
714
155
271
333
2280
745
693
795
16610
2599
487
176
585
1748
723
2100
2995
195
742
470
1273
837
948
949
574
816
195
141
1340
1546
168
458
458
308
504
277
307
273
292
2152
168
222
507
280
566
587
489
889
300
376
481
438
1057
2508
325
5982
223
137
1257
681
829
2318
317
152
122
1038
360
417
240
137
273
1209
627
170
165
137
318
858
848
1401
172
155
121
212
395
124
1652
1706
183
238
287
1248
757
1451
1024
377
2894
181
502
1236
409
368
1247
208
159
335
1624
197
144
288
141
1184
278
637
2933
539
386
257
126
652
1433
864
1203
460
324
4037
1178
1524
180
319
1070
476
463
3061
301
710
2011
603
1925
183
217
123
286
466
750
451
2462
167
147
365
309
237
902
207
145
611
376
1623
190
182
164
351
309
305
901
1326
1166
185
142
425
1159
560
339
238
169
436
365
650
761
137
374
161
1053
393
1999
177
191
1668
350
424
360
162
677
1505
247
177
242
452
503
1763
771
368
1237
372
155
484
537
2562
2826
1206
796
2645
651
388
310
1335
810
1499
1607
2689
941
328
334
333
1726
2929
2121
770
318
421
269
1144
2268
2999
4161
228
509
559
947
3152
342
527
351
1442
551
513
2188
168
1045
231
235
178
355
1294
1106
515
181
234
380
1078
248
858
838
151
452
1588
1046
415
188
364
264
515
404
1708
2419
918
190
245
267
155
542
321
286
1393
208
166
527
880
312
1769
385
266
161
507
256
270
710
1513
2053
172
835
281
2583
427
293
445
204
273
165
157
177
502
293
1503
513
1824
1481
484
225
221
425
714
1046
1336
1338
3355
116
1060
2035
2062
312
1259
265
857
820
859
1667
376
3225
1278
2750
182
249
415
291
648
558
399
202
171
322
418
596
189
338
4113
410
250
208
434
309
1821
2402
2437
540
1164
548
429
133
615
373
1557
2487
289
242
271
318
1181
586
268
1236
368
396
470
309
797
712
642
521
948
332
471
427
466
1474
478
2273
1614
1669
1589
406
512
363
1224
926
1043
531
1025
1176
1533
332
387
425
411
450
425
417
497
485
609
762
243
244
129
275
314
530
194
746
548
2411
303
1559
228
2593
209
158
414
748
596
533
290
346
172
125
722
281
364
906
479
1173
309
2259
1678
250
904
1123
707
1163
308
342
487
620
2671
444
2791
646
1568
1174
840
846
367
187
159
240
434
532
341
679
506
487
197
173
363
495
714
1327
2080
2212
3157
381
328
213
1490
672
369
423
650
214
296
479
191
1431
708
652
914
531
2703
680
235
174
214
533
1817
1206
274
156
409
1150
233
422
292
211
1576
167
670
712
2809
475
222
239
131
459
209
482
201
723
1119
143
1051
421
713
242
409
744
1147
2563
243
1564
2054
708
693
2211
1102
182
256
242
175
315
409
513
947
182
246
283
871
504
263
1227
244
253
1900
971
1427
621
174
289
889
1019
925
1587
526
708
1006
894
4092
965
3987
321
231
376
351
3992
3183
380
1167
358
256
2465
794
346
668
577
425
474
1536
670
5789
318
740
448
1965
2427
2673
177
532
1068
1318
209
187
583
886
1128
1737
140
379
369
338
468
1561
187
531
184
174
542
1309
480
1915
617
415
480
212
172
128
243
193
265
241
209
400
224
632
612
906
1386
320
676
334
504
1729
209
186
412
220
234
744
719
642
277
485
422
212
482
748
316
262
470
129
696
545
2893
241
205
245
358
843
183
371
155
468
1264
1979
208
263
204
173
892
240
591
1618
272
161
1424
802
523
459
176
546
149
221
183
215
347
123
1417
370
801
2818
174
328
1658
409
223
457
535
797
263
1231
248
200
164
138
499
575
2136
494
207
664
674
250
927
835
424
2784
3845
349
461
369
934
178
168
990
281
574
431
2032
980
187
154
129
253
1326
304
172
283
346
378
877
256
483
7585
3146
1998
3044
529
756
543
2784
382
1451
3504
459
523
1082
645
392
1868
2507
242
375
1151
1421
191
143
404
705
687
1944
258
437
193
300
219
446
1121
1097
684
333
205
419
244
2175
1408
1329
406
361
141
1064
258
671
2428
283
552
1622
930
671
741
3270
248
209
188
634
155
1818
537
1445
308
278
217
538
307
161
272
400
387
446
504
331
198
507
2026
2529
384
1549
264
159
123
250
406
518
246
157
553
997
851
1050
227
145
117
383
1221
466
3360
1669
241
372
472
215
370
480
686
901
982
248
304
191
294
184
148
577
1034
362
272
354
1461
379
542
207
206
267
794
266
594
417
1055
175
203
300
920
184
189
285
597
1274
299
329
230
208
256
145
217
501
469
260
829
170
364
173
645
1768
1531
1007
309
564
1576
1043
234
920
181
166
1014
2730
344
247
163
415
1081
1272
3404
198
210
985
818
2221
324
1485
475
401
1049
454
420
403
579
1147
474
320
675
1338
617
251
219
185
683
2129
2064
2210
892
1342
796
507
1211
2095
196
167
118
327
132
1365
628
686
1157
338
156
320
2052
800
1016
2798
916
1946
871
229
681
1401
979
1934
2938
383
277
182
1026
207
1251
308
171
209
866
1242
194
247
235
669
1276
202
220
269
204
1155
1132
247
289
922
2215
837
293
230
453
268
310
352
279
617
252
204
372
416
500
292
465
605
237
490
441
201
154
333
315
577
4293
215
1028
327
1810
765
275
416
406
413
354
392
720
681
401
588
1032
3012
201
248
329
1173
552
283
164
375
640
1298
244
1166
2276
2485
192
182
150
401
164
1209
1478
411
216
524
744
196
448
1048
289
772
314
245
1259
968
1153
276
281
275
253
535
3178
736
1961
1902
377
282
471
610
1242
1977
1013
327
300
533
1345
730
2711
536
221
486
490
4779
1706
334
247
2475
11005
939
556
457
982
1840
230
506
2323
1333
614
3000
240
4083
202
389
805
1181
1948
224
165
271
260
2582
1531
583
249
272
188
748
432
2072
434
1457
1250
513
1144
1629
551
260
194
132
589
331
846
606
4123
207
172
219
198
718
411
927
246
364
408
337
185
587
1429
186
164
1124
611
2519
655
266
154
227
277
578
1083
170
160
245
304
1858
377
1541
1094
252
220
166
321
1334
809
1356
1204
308
1285
589
872
242
160
136
337
393
416
233
456
521
237
183
131
195
253
721
455
383
3166
539
1804
215
897
129
2473
1076
1241
590
374
1347
1996
1931
770
248
165
417
357
1292
435
312
158
430
239
190
346
133
351
906
1845
230
562
831
658
2716
2169
242
506
169
799
254
1349
793
2589
224
288
1389
156
646
1525
603
2991
442
1632
323
604
231
1054
338
152
2028
351
801
1093
1305
1503
6257
382
454
680
2702
372
1199
457
1983
691
451
301
416
1818
277
994
473
333
220
222
384
754
750
225
266
160
212
313
352
313
1079
1065
1119
679
3614
224
246
711
1106
215
170
692
2651
267
1079
1092
158
209
268
444
454
552
208
163
500
574
224
179
481
546
159
3200
844
205
191
401
366
303
237
192
129
614
203
301
280
1311
226
184
191
260
318
319
232
319
642
1230
197
316
709
447
374
1131
203
2548
204
181
1095
472
534
889
1277
481
1597
499
177
173
499
277
160
1755
1355
875
235
676
324
406
261
961
148
334
612
408
608
251
252
253
566
601
1809
1742
204
235
174
288
203
600
365
264
694
508
566
223
392
271
1278
417
212
1273
855
510
449
724
505
679
422
1221
352
186
155
773
217
1661
211
216
475
1550
2048
666
1339
1295
848
1289
184
149
125
452
818
384
400
381
596
909
4510
316
1557
256
391
396
184
338
127
1395
2117
1624
1444
472
291
1868
415
251
217
517
2221
2442
3566
359
397
645
924
938
864
3574
807
2128
234
714
590
973
225
246
370
1105
654
548
1100
244
265
473
209
564
752
534
444
156
225
269
323
268
381
1314
2509
491
347
436
703
171
422
1483
297
1536
197
1279
122
392
527
199
1273
608
2689
1460
935
324
237
203
617
1808
1076
189
276
170
236
267
499
399
473
2728
1268
324
221
164
212
127
254
346
1868
1966
413
216
491
146
252
654
168
237
645
2180
1156
155
381
619
1199
1382
176
443
425
335
371
1355
2527
246
2517
221
325
1055
521
419
980
709
451
2370
562
183
323
281
1397
307
3191
586
462
879
239
223
159
648
1245
603
1270
231
1164
671
1706
336
999
943
244
568
343
184
386
3283
624
250
231
796
297
3145
410
230
656
915
285
1591
1025
1548
225
201
302
319
944
507
2315
1094
2111
1150
683
509
2763
1436
318
274
378
133
471
177
1975
1012
799
1324
445
456
906
561
2569
973
3948
318
343
575
380
293
263
3345
228
147
363
622
330
280
406
438
887
233
486
864
323
262
239
361
1272
1243
411
1158
308
2587
405
205
468
493
214
1657
1929
590
230
231
222
961
801
1270
214
254
215
973
225
147
233
271
145
279
262
1765
175
167
237
193
225
306
462
195
195
267
421
1148
246
573
283
475
137
616
502
837
1608
1320
1423
239
847
234
312
170
1173
729
324
1091
1489
1119
735
560
324
237
284
719
709
126
1918
193
198
231
312
1423
200
236
209
1000
263
240
516
1288
2080
718
641
191
159
302
1247
364
789
1298
2569
550
176
154
131
273
400
291
377
367
603
1825
660
541
461
274
1098
3045
2223
268
221
116
730
2545
996
1323
356
166
541
211
286
165
279
427
207
241
315
299
781
646
183
182
596
911
393
159
656
479
548
954
747
321
4349
554
309
519
355
1574
2369
515
1624
715
312
635
380
2417
344
187
240
472
224
1199
261
852
340
448
1406
1221
4000
281
195
444
205
208
383
604
129
2558
558
4043
647
330
338
3800
546
182
142
546
463
129
479
605
409
293
293
400
357
467
2446
718
211
356
349
722
449
781
701
3298
762
240
175
202
326
662
481
367
256
486
1437
2078
811
3337
893
1504
470
943
2146
333
532
534
2843
2454
771
302
222
744
550
282
1488
1842
439
328
209
756
962
1681
301
164
112
467
1978
273
1335
130
3476
851
803
176
148
214
538
1631
248
198
496
795
1046
285
232
404
1059
553
407
263
395
1093
361
1075
2066
223
159
317
393
735
346
290
185
393
575
677
404
2589
859
1008
418
246
1025
203
587
125
625
1101
420
636
334
275
149
218
873
1137
1218
272
661
2097
573
260
245
436
1178
611
297
159
177
551
1462
421
4226
403
394
308
1953
1568
443
594
266
297
459
645
384
879
1115
620
2433
1352
2252
1397
208
207
699
424
2214
406
288
455
661
936
690
534
2156
611
217
276
621
563
448
367
189
254
641
1048
988
2193
634
211
372
1370
422
441
358
329
254
480
1047
1207
234
671
172
331
697
2189
305
931
850
203
194
207
565
1588
442
810
538
1482
3150
211
155
265
849
216
315
699
460
2068
340
178
1443
236
169
1549
199
219
452
192
811
2492
253
574
1944
741
210
221
158
300
1252
546
3136
186
1528
1578
216
393
425
1784
1213
3355
289
229
2183
368
322
462
828
200
1680
725
1822
1220
1778
1353
1812
203
429
450
359
208
1495
725
270
172
482
1836
1249
229
173
377
257
2518
3212
200
183
350
925
421
248
700
344
4596
1432
583
323
305
629
308
295
946
806
226
153
776
2009
661
2862
326
288
340
354
1045
1559
1606
1277
455
862
1579
2008
1252
349
326
867
2873
266
194
629
288
579
187
516
1529
586
2276
813
2661
199
982
168
1599
1951
1351
242
494
1991
699
225
219
1722
367
189
1864
907
289
368
127
409
214
618
837
299
1750
248
404
122
218
202
2530
829
711
1145
1155
1347
1615
203
381
212
484
260
923
1691
406
273
509
1197
154
424
498
1363
527
194
421
1161
345
372
948
1452
625
127
312
946
406
224
434
210
464
183
158
1296
215
1733
201
220
201
169
1600
1234
1508
3472
373
1294
154
1290
482
148
804
293
541
320
1876
244
160
443
792
2005
173
531
2489
2241
212
340
739
338
181
143
139
237
200
4023
198
204
1313
213
1968
1933
284
1051
554
534
859
383
287
305
230
351
181
218
271
223
436
246
437
1374
1228
3331
2050
385
653
1974
638
240
820
846
257
806
1416
587
309
378
294
1038
399
1154
1066
181
2585
1268
392
268
1354
1877
1931
1651
3566
341
3669
184
420
869
1515
1909
291
343
405
926
123
1663
1131
1199
183
309
213
369
263
1210
245
158
433
293
511
258
1877
2062
179
151
463
540
569
493
247
143
461
1282
1036
416
317
222
336
327
456
1175
1509
435
1485
238
199
243
260
1149
237
317
1486
251
2950
3025
1056
1202
2550
196
246
179
691
1145
224
203
394
844
431
2599
5044
365
219
346
400
2071
1023
449
1618
1467
463
468
467
254
465
539
443
536
750
3454
985
866
173
175
493
1520
326
174
230
185
386
1068
883
224
222
342
614
301
1393
289
716
199
179
416
1596
1260
203
653
1668
1212
1180
369
178
276
357
136
221
157
1059
422
582
515
520
211
217
550
3250
255
164
131
287
432
1117
1185
1764
161
224
393
778
451
350
833
898
258
246
1195
1190
406
4194
222
165
668
864
1383
274
1058
1831
685
1385
539
2228
819
343
309
393
129
2111
836
775
465
296
1111
2500
885
569
588
846
1406
1555
2519
311
380
948
234
250
801
249
2801
1184
371
942
2538
2391
246
145
655
643
334
174
178
519
631
208
769
1853
609
944
3386
969
338
854
849
1029
252
399
937
587
255
236
422
1010
1406
1332
294
241
258
404
1938
224
216
404
446
1122
1163
204
196
125
332
306
637
1888
326
846
218
487
2451
311
381
572
1136
456
3408
204
777
222
215
403
813
255
153
276
288
829
425
268
411
642
517
215
145
253
868
290
1397
232
176
533
301
1247
1090
1669
266
216
397
347
526
195
158
199
219
882
1255
1014
407
236
437
253
1190
652
844
1195
340
557
261
1179
957
1327
2667
1609
1681
1985
818
199
266
175
379
1176
132
531
257
756
275
848
859
222
247
558
227
198
144
586
189
1608
2018
1084
3243
208
223
286
781
1156
975
1341
2169
651
231
251
573
804
819
940
871
1842
391
845
2661
513
1355
1764
3516
307
240
650
507
653
1087
890
806
2465
287
265
132
321
1245
294
337
765
130
1418
500
1410
175
467
1212
200
4029
615
1142
472
223
1059
219
1807
654
178
158
127
291
755
253
306
764
1138
3336
219
224
249
254
841
711
290
912
547
183
498
1925
1476
398
323
2218
2548
3029
186
177
902
1151
2409
226
245
286
233
264
492
256
354
2471
2406
1410
918
236
243
919
1587
576
4449
473
1372
1542
1653
848
266
278
273
1012
1850
271
240
142
269
608
2024
335
306
375
378
193
389
375
673
1083
322
1427
1028
1663
191
257
1042
131
356
325
267
1350
2028
281
187
931
283
410
557
1139
459
1420
2201
194
632
609
842
201
364
579
1078
390
1239
205
204
140
278
167
1437
577
2900
3325
1890
356
158
129
719
772
1561
2175
1206
305
227
202
232
305
731
724
1698
446
2995
467
382
489
1579
819
268
178
358
706
495
1624
164
1395
1023
1848
1245
3031
1203
274
205
288
1928
362
225
348
928
1048
736
985
597
2815
12756
343
289
277
803
1579
2201
519
342
1532
413
242
374
180
230
93
296
1958
311
222
201
270
1072
634
351
488
2612
3112
392
270
127
554
1062
577
290
2852
1125
461
266
391
797
766
528
422
2717
183
373
232
562
266
337
1815
382
416
442
440
2113
2462
593
334
443
387
179
1148
1555
234
197
279
1135
2305
1525
645
591
1177
599
327
777
1709
297
322
296
477
459
845
259
236
497
831
950
225
196
245
654
227
324
397
466
122
304
374
115
257
194
260
201
1234
205
329
1817
2029
2139
203
467
173
649
1579
1135
318
201
980
1629
884
260
157
950
433
734
850
478
500
1497
265
168
1418
1561
925
368
454
388
630
1120
758
258
258
260
1422
243
269
487
485
1668
1127
512
655
667
698
1253
298
502
505
194
798
1855
381
553
558
1199
531
324
190
356
618
1335
206
2204
1147
1504
348
1118
2790
2713
679
618
295
293
336
329
1623
2655
133
223
257
148
475
462
2707
211
293
655
792
556
2044
525
3547
190
213
2725
1455
199
726
590
916
1648
275
1514
314
265
2689
202
1211
1293
2980
291
1736
1147
2757
370
524
265
1001
169
239
158
443
348
352
1198
221
612
863
1860
1393
2296
2814
1091
1080
2415
201
266
309
776
761
294
197
200
298
1267
228
717
461
384
1169
946
660
223
595
421
395
258
285
233
340
230
211
723
228
152
320
1094
577
203
650
393
621
594
273
307
276
580
507
2578
231
1302
590
335
2010
298
738
438
1344
257
185
172
649
629
3150
556
1170
616
2907
2252
660
368
1088
281
1159
311
298
650
522
1419
1616
2685
261
267
238
896
2352
1159
2450
1593
290
1240
351
243
535
2712
544
295
874
339
1333
469
437
231
358
456
2233
523
2070
376
435
269
1402
646
1171
2044
215
473
294
530
362
696
1060
321
6572
521
259
665
445
4335
1583
282
906
409
244
1873
564
844
254
1844
973
226
182
367
1284
374
332
325
2387
2820
1158
427
1110
399
495
859
1475
182
166
518
1022
179
1333
788
1755
190
261
257
583
517
203
1620
1446
268
888
1300
319
349
300
196
184
705
186
304
294
547
1075
217
913
1664
407
235
608
2967
254
1303
163
270
982
834
308
334
436
822
636
425
508
223
262
423
138
972
235
316
180
351
789
767
1619
192
174
111
577
610
1308
1675
191
155
327
222
863
1759
180
374
1597
284
1094
835
373
318
350
755
1499
461
3492
1963
312
3197
174
182
132
241
262
1135
346
2528
1100
192
152
657
1565
475
2123
708
2102
219
179
409
597
451
677
227
586
1479
1135
307
398
482
317
415
912
911
1146
1085
1101
505
354
395
402
250
392
1222
642
498
260
565
3596
1750
253
247
658
254
257
426
1307
778
802
182
431
936
841
2820
199
150
127
144
656
279
1404
665
1735
1018
309
653
1432
389
183
163
483
1460
331
184
182
314
1681
1388
1140
1709
189
282
927
1224
870
569
914
243
213
231
356
1070
1404
707
1483
1431
207
445
580
783
334
1308
245
208
309
188
378
167
1094
982
526
1262
2946
298
230
268
1250
558
191
1225
1734
1296
602
293
434
847
252
209
755
608
168
184
331
317
416
212
155
455
271
422
447
266
194
188
381
966
189
1002
851
1315
287
260
1067
213
425
939
729
1929
879
792
208
1119
195
457
272
2465
2744
1938
236
142
650
550
189
264
1002
1900
915
341
393
234
159
400
343
1664
795
653
3455
194
516
236
750
1133
1356
199
546
651
797
2747
248
1105
2823
176
290
510
279
991
444
987
244
158
356
371
337
1549
1254
247
1357
277
305
410
198
888
386
892
1907
761
839
263
1403
286
272
1063
330
385
1138
342
234
2059
865
325
197
1765
1085
420
439
1042
254
376
1408
585
669
1164
192
164
139
218
156
122
1125
286
369
455
692
345
278
249
793
1590
601
197
180
849
520
945
892
1441
199
231
125
268
1011
435
1241
800
113
194
659
206
215
205
1047
458
981
672
206
509
949
496
576
246
131
8646
213
248
241
325
991
765
794
806
993
644
976
251
521
382
315
586
420
2023
3137
445
2111
419
171
644
616
714
181
306
313
513
1044
248
404
328
1256
183
164
1165
1197
1728
594
288
469
2419
189
3265
184
327
165
537
128
398
558
3160
786
245
157
254
266
569
1550
987
277
274
1236
672
1135
188
316
1620
2688
936
330
549
840
858
194
161
714
2460
186
147
846
1116
289
204
621
1751
1454
190
193
390
379
741
1757
624
239
311
216
306
350
913
348
417
286
1212
725
1346
228
430
1144
241
890
3501
2648
237
417
270
880
874
755
714
3151
755
341
290
111
420
1987
1181
667
1993
2352
922
292
229
215
362
326
333
803
696
394
997
207
326
443
1115
749
226
161
1123
923
558
2094
406
300
1776
627
892
192
173
329
1427
2134
711
199
181
243
255
246
435
518
905
418
965
149
382
2337
462
1085
262
268
184
937
1027
610
1595
190
1309
1058
1438
1135
342
175
160
993
252
151
165
278
1587
231
255
965
916
293
484
670
711
507
725
615
315
752
144
2657
242
197
250
1182
941
232
264
436
318
180
211
287
470
670
952
2110
2763
286
649
191
241
273
340
299
141
1327
234
210
173
373
138
137
268
331
651
224
283
256
209
191
916
193
230
711
563
2121
182
155
311
298
669
259
1172
2256
233
212
923
183
280
279
371
1032
292
681
259
219
1197
1106
1386
1871
604
1757
1748
2080
1097
1306
337
258
554
1017
174
2907
3743
399
371
1105
138
357
2455
1067
1055
3629
222
289
295
469
1201
219
249
501
636
3611
443
187
163
154
387
1047
638
336
1907
378
1253
255
265
298
219
1263
720
225
206
476
233
203
373
838
1538
199
420
547
284
581
1489
1208
4827
1907
3012
340
994
643
239
170
397
327
163
339
843
513
1293
1320
1528
308
162
296
211
344
978
256
247
193
528
800
939
211
666
1073
861
2361
582
3923
556
316
203
229
367
612
396
1444
223
1027
557
1237
293
943
527
1099
1436
254
218
293
312
178
692
975
2673
242
2733
2617
191
172
163
257
287
552
199
156
652
442
1779
210
246
217
175
707
1040
1729
365
416
373
830
1102
932
1905
1004
241
220
120
596
1223
1487
248
1803
215
168
171
107
1050
279
198
503
951
148
340
677
1022
816
204
220
379
1098
196
161
359
896
257
278
326
1545
313
208
294
294
240
333
1099
3416
749
290
1966
314
277
737
1278
636
417
1304
759
308
1339
1368
475
361
449
384
2569
2459
1636
345
1548
1878
1201
183
300
338
268
1105
168
322
334
1195
1407
247
291
200
377
207
186
125
483
2195
625
698
275
439
141
326
550
199
452
733
377
361
816
799
349
228
630
520
538
242
167
853
299
195
146
1313
1216
1492
670
158
932
275
1063
530
308
1143
475
1099
1510
227
389
256
789
167
605
452
405
258
888
262
1033
2016
231
248
256
493
1249
2055
2037
255
262
388
1469
275
986
1253
650
806
986
411
1625
1185
198
534
219
128
747
699
381
1257
1059
3383
438
247
157
266
456
434
1156
1171
399
1017
241
207
184
717
685
961
417
301
273
441
366
166
927
216
305
1328
305
1598
1011
140
204
384
263
347
474
375
1255
1635
722
256
678
206
685
569
1383
233
977
383
311
2651
825
222
175
449
212
315
1641
667
781
420
1416
271
285
243
148
292
505
783
1907
542
292
1642
2299
722
323
1457
551
415
1032
2025
330
234
745
647
409
579
271
1921
2170
310
1039
2077
452
990
3026
2181
1839
456
208
799
125
882
1987
297
227
2162
252
165
624
944
1837
364
791
382
4025
2130
4756
307
214
542
377
520
198
263
1198
461
644
628
422
661
1940
1671
768
2050
384
512
241
363
1370
449
579
1461
951
364
209
2527
324
464
390
346
466
386
165
501
608
719
1754
1294
204
156
460
681
230
482
1201
187
548
312
529
2697
211
249
199
1671
733
305
284
821
3354
214
253
125
1023
342
1196
197
449
1170
714
1805
686
211
200
375
268
579
2210
3266
263
352
401
508
2518
230
207
183
309
401
372
591
236
249
602
1377
149
212
647
386
1611
224
176
1061
937
1092
230
391
280
440
238
189
182
290
305
825
1269
2294
372
1196
551
1575
1068
305
339
484
421
950
302
535
3266
347
369
624
3991
325
388
271
1779
3154
1097
1179
498
397
315
2632
656
121
312
1754
1093
1432
736
230
197
840
455
354
1324
2260
1381
148
262
725
813
1425
234
245
249
651
261
160
167
366
519
266
235
200
1027
647
3121
297
176
1308
320
1494
232
144
1085
1989
184
146
303
344
267
1161
1749
333
272
314
945
747
219
188
381
229
146
183
246
443
782
1682
265
443
2410
166
171
120
451
544
346
761
208
196
1280
289
279
193
1522
1492
2080
899
1101
2626
183
235
475
653
2069
1479
189
140
293
425
990
402
1235
244
216
306
209
429
1165
1276
188
303
443
318
174
166
616
277
1212
212
342
289
667
1155
715
712
256
185
307
162
1350
670
234
142
329
2217
896
247
358
331
754
1358
2140
428
194
253
305
2589
2890
3991
1858
218
210
552
391
1395
1709
943
191
159
460
621
163
3050
981
1210
353
167
441
632
866
1530
1003
1967
942
731
243
147
472
2283
931
923
366
253
538
1757
709
479
332
469
218
162
562
432
198
2216
1137
293
239
412
225
1055
239
2288
235
552
444
1203
1028
1041
210
314
843
448
503
2365
254
215
270
1021
1578
347
2908
2101
2350
482
250
179
272
650
918
1018
2134
1478
2171
641
258
343
321
535
605
396
1169
1036
1788
566
729
404
4213
1596
2039
3542
1300
221
168
128
401
627
1231
878
954
312
921
332
1232
227
321
1592
253
1610
193
167
984
194
163
606
182
261
226
219
315
628
176
253
339
226
156
96
284
444
280
243
303
146
866
274
272
335
403
566
197
155
363
489
1192
1331
1443
243
174
127
380
641
1973
200
601
288
228
778
2511
2968
255
1206
1207
1226
196
199
1404
231
375
239
1153
654
208
184
254
441
214
1304
1788
284
179
497
1348
693
849
418
220
527
286
953
427
1361
2189
433
258
842
317
1611
875
2215
892
409
136
224
763
507
2212
525
422
434
3410
1449
3695
410
1492
314
401
802
2244
317
447
721
309
1587
3390
2026
1240
2109
169
639
813
356
928
1588
194
175
414
560
453
686
287
154
273
1112
313
798
244
1297
3102
1835
288
297
178
1021
851
2465
1937
179
459
1061
514
917
2293
1153
1548
279
1048
1870
894
1509
202
174
242
265
282
230
183
378
479
533
316
3483
1296
191
479
702
1779
1651
187
128
702
112
1675
230
298
350
507
382
992
367
3602
244
315
397
704
447
1636
709
224
564
1565
265
1373
2943
199
1313
285
312
1193
1976
649
1388
150
362
259
274
1306
210
300
1623
1019
212
139
504
961
379
494
247
344
406
404
195
395
601
196
1272
355
3061
1396
501
191
198
383
429
561
355
1685
122
117
181
262
442
125
1653
187
1899
403
195
613
1507
2448
204
167
436
1149
576
2164
161
376
121
356
645
430
2788
335
213
336
243
972
249
1102
2016
3747
314
943
1142
307
207
383
1089
1896
2238
693
5340
2332
292
241
657
314
1008
603
445
1333
339
250
352
603
526
488
197
225
851
553
538
288
1236
323
1518
506
1194
507
208
423
256
1915
188
435
1023
1190
582
451
1255
277
603
4060
593
314
150
454
2935
354
479
1109
876
376
457
200
162
824
520
259
1873
229
1389
235
134
202
411
378
353
1849
318
281
198
238
188
164
963
388
1466
1786
975
1545
499
906
197
576
364
1151
976
867
256
179
144
266
1441
1849
877
1546
451
230
233
290
144
867
921
336
281
368
241
158
205
246
2351
249
176
690
592
217
173
152
1044
190
441
2037
831
963
179
385
1397
1711
296
200
368
412
673
513
605
1376
538
309
194
2243
199
280
445
1391
671
1198
524
1633
1739
267
155
576
329
657
2833
228
148
253
847
1083
834
300
422
1233
1234
334
214
200
118
653
786
736
2264
960
198
207
1751
171
100
552
799
288
291
123
814
561
2237
694
417
447
175
389
1491
628
848
3193
282
175
225
338
837
803
1977
304
232
216
753
1948
951
327
271
601
1048
502
1329
301
605
186
157
651
445
201
975
268
201
354
1422
192
1633
271
291
256
1058
499
2020
217
172
461
246
1164
945
205
195
284
178
588
1575
1224
443
205
199
263
406
329
201
301
467
207
299
212
508
299
625
244
156
289
206
976
355
453
240
152
252
566
4476