863
324
673
1424
611
880
1296
714
245
264
746
898
749
1645
388
738
395
153
770
2030
962
554
507
1452
388
2527
1223
1228
528
1703
293
1746
204
666
307
1455
571
4903
1777
1005
3719
237
219
1313
520
1249
2199
274
800
568
751
764
385
1769
1554
5946
5123
3221
615
358
284
2175
587
302
2304
470
1920
1496
608
462
569
314
1115
341
242
163
237
476
244
474
2115
361
889
601
363
411
1917
504
300
1486
716
828
304
400
319
312
2024
1151
344
206
202
2483
637
1365
679
4939
1816
414
430
1070
1138
335
591
485
3621
1014
321
377
263
282
703
581
369
1202
869
1284
2613
295
222
259
766
725
771
467
1000
759
3202
1640
244
817
309
500
750
1414
764
5779
780
12694
2903
384
2990
4475
18813
22554
3951
3438
531
461
1338
325
353
533
305
812
662
630
5822
333
2549
621
594
200
464
471
391
423
1751
445
274
633
1331
1542
948
284
2494
509
1676
2652
1873
190
421
465
672
246
811
1301
1605
315
518
637
1676
980
276
489
1640
533
794
2092
438
1092
267
263
388
405
521
1330
1373
395
703
211
2048
3628
606
600
189
177
629
679
348
1276
1739
3725
221
344
167
1234
1258
554
1592
258
1623
305
1184
574
1799
1785
411
295
405
303
1841
201
437
288
420
1455
142
2089
1467
1313
15237
845
366
307
797
2237
1518
4373
3806
855
4981
4547
1022
1552
4012
516
357
631
776
651
1787
1021
455
3892
1160
480
261
1283
377
315
2174
250
179
1994
2033
500
507
1922
2516
682
4362
1948
961
4915
2825
1076
1418
455
597
1427
322
1133
2112
1427
2632
2725
7986
446
204
614
1946
222
942
781
437
186
188
423
303
2901
676
6142
1914
451
263
218
2427
1853
259
621
430
5829
568
310
601
180
397
373
2734
778
756
1040
2451
2879
446
242
675
2203
787
2263
3521
212
700
544
1773
1191
1283
1129
671
1085
315
177
1635
1896
253
606
507
330
628
271
1358
643
724
10746
769
605
960
660
1586
1159
1065
1496
352
747
843
564
1514
3837
433
14631
532
231
2396
1138
1194
3437
285
244
180
1685
454
508
212
182
415
1658
803
216
390
175
633
1502
1576
3612
400
258
300
350
650
154
2605
2432
661
400
439
2347
1242
2340
1859
733
4058
409
1019
2222
538
543
1947
229
212
552
2138
279
237
260
174
1575
320
879
3973
738
2073
569
626
1577
4167
2371
5254
2791
1059
19453
6853
4888
555
1086
2492
1015
500
5692
500
870
3133
998
3057
305
300
203
446
675
1102
586
3640
304
253
482
485
438
1302
370
735
2715
1461
5480
623
238
504
908
646
835
2486
2765
1995
517
333
930
2386
1070
589
396
322
741
507
1060
1073
344
561
257
1683
590
3046
365
220
2614
435
698
453
244
978
1948
277
277
203
691
738
2234
961
488
1804
519
260
730
510
3036
3050
1298
1402
4306
1218
444
199
744
677
1861
1697
2890
971
461
431
472
2245
3607
2733
869
275
601
386
14458
3303
3987
5767
190
663
906
1222
3977
362
700
422
1723
623
623
2805
267
1725
271
472
1076
1189
4981
4597
2179
1042
971
1143
3195
511
2458
1572
384
779
3124
2904
675
471
678
395
1051
564
3056
3724
1518
579
435
457
314
1127
13857
370
2381
477
223
870
1397
489
2315
457
222
204
588
273
288
874
2041
2550
220
1057
350
3461
650
217
627
250
329
227
228
190
648
303
2043
554
2224
1597
415
190
152
734
932
1213
1563
1526
3818
139
1173
2295
2248
578
2365
350
1384
62445
1614
2671
454
5144
1730
3947
355
735
1720
1014
1607
910
926
788
553
964
1046
1265
483
926
36053
604
315
220
956
480
2865
3667
3870
698
1922
685
416
225
911
446
2062
3401
321
269
259
453
1569
450
172
1124
231
249
324
232
687
605
524
245
851
299
466
255
276
1371
423
2073
1570
1706
1405
286
433
409
1085
871
826
438
1030
1073
1743
282
309
1292
2013
1129
953
1464
1491
831
1475
2058
672
339
212
416
602
756
269
1385
882
3593
470
2125
223
3843
455
317
1224
1366
1087
772
350
440
192
169
1133
283
552
1173
658
1146
418
2615
1771
167
982
1113
882
1504
428
236
696
664
2981
543
2860
629
1795
1174
1241
1369
390
331
216
383
594
735
368
791
605
531
335
774
1142
721
1895
2538
3605
3701
5407
780
376
388
3147
1151
621
689
952
501
441
838
423
2670
1117
985
1318
830
3786
858
290
199
154
780
2274
1696
200
272
351
1051
299
533
395
211
1918
169
844
764
3077
571
445
387
149
593
326
589
324
1012
1778
207
3785
2899
3065
660
1302
1878
2246
5312
692
6125
37024
4989
1264
6060
3509
609
541
491
282
794
635
835
2042
470
535
537
1941
911
822
2288
804
1605
8941
3688
4180
2402
1062
1493
2446
3477
2464
3963
1204
1916
2225
2466
9777
1315
5348
628
341
635
668
6339
4602
441
1521
401
334
3121
1047
238
443
473
323
421
1340
701
6175
532
885
370
2327
3134
4225
525
951
1512
1968
481
183
959
1623
1563
2552
395
884
898
498
846
2443
451
726
412
314
889
1891
718
2582
1374
24281
984
448
747
582
712
509
917
915
350
703
443
1181
766
1441
2179
751
1458
600
1092
2991
600
251
891
350
607
1583
1390
1274
356
781
1217
298
809
1124
386
276
652
145
1022
792
4178
242
243
315
336
1135
405
545
133
499
1492
2789
452
318
315
135
1480
407
876
2162
746
268
2563
4126
949
1621
485
1922
493
502
390
1252
1733
406
26980
1057
2188
7583
579
258
2799
228
220
632
563
925
232
1490
278
197
185
241
435
677
4685
556
367
834
1222
318
1293
1012
518
3627
5281
494
561
491
4292
644
346
2568
528
1217
974
3760
1733
546
276
275
555
2332
428
295
307
459
358
1081
283
422
639
2377
1871
2351
327
504
256
1894
247
1078
2545
387
441
962
598
504
2135
2735
360
518
1297
1689
356
170
519
798
998
2373
337
1800
542
923
254
1069
35594
2999
1383
604
326
736
342
3129
2047
1864
585
490
304
1427
276
800
3107
346
622
2048
1107
708
798
3357
291
222
293
750
188
2192
662
1715
492
370
240
693
368
215
282
439
437
405
661
416
209
635
2193
2814
269
1751
230
184
127
319
425
517
237
1070
1968
5754
3218
3968
550
453
1113
1887
3370
1653
16780
4644
514
919
1090
500
605
786
1117
1289
1488
377
504
378
553
490
367
1255
1764
445
774
645
2844
741
1069
520
478
495
1457
506
1230
618
2031
386
381
409
1204
230
242
362
558
1446
248
448
214
281
319
256
260
895
615
267
1351
329
2567
1590
4893
8105
5326
3136
1149
1416
5092
2840
655
4313
567
380
2115
5706
556
594
300
1190
1646
1810
5255
539
355
594
649
2354
484
2431
428
389
1084
452
449
504
599
1374
814
448
813
1964
1124
281
253
292
1070
3254
2932
3046
1708
1895
1350
703
1747
3319
350
245
134
295
132
2090
1083
1293
2110
532
282
590
3129
1096
1617
4550
1121
2703
1154
441
1210
2120
1242
3049
5522
520
556
292
1984
246
2141
486
329
424
1644
1916
369
515
473
1244
1839
454
396
282
249
1689
1758
387
476
1614
3494
1390
380
474
890
316
365
527
409
663
255
379
610
707
780
357
625
832
598
911
665
377
315
551
354
642
5830
237
1794
362
3243
1045
265
812
715
569
974
655
1900
1071
814
1158
1584
5379
373
336
298
1662
897
230
160
517
733
1694
229
1269
2742
2742
198
157
133
381
136
1312
1581
427
224
498
973
195
474
1219
378
794
341
236
1348
1323
1316
232
324
305
259
581
3495
685
2175
2541
286
177
364
686
1272
1974
949
191
270
397
1288
633
2505
300
155
295
419
30008
2288
242
174
1904
1606
417
463
474
956
1809
180
448
2271
1433
555
3245
265
4074
194
532
976
1290
1958
262
159
309
286
2650
1512
431
216
240
219
696
473
2171
346
1545
1142
575
1460
1670
559
249
185
133
586
335
1062
699
4394
219
164
232
179
793
502
1170
244
350
347
390
350
912
1933
271
176
1450
719
3342
865
258
163
267
307
703
1174
227
165
346
1023
3856
624
3255
1612
302
309
174
500
2084
1205
2018
1586
409
1929
916
1296
650
236
199
253
565
426
307
460
520
296
204
135
309
276
768
509
471
3626
615
2086
263
776
161
2946
1215
1367
592
440
1588
2337
2364
780
236
199
408
438
1635
512
250
130
502
233
177
362
135
365
996
2039
275
536
896
817
3285
2813
273
568
141
1064
273
1691
926
2956
283
285
1159
189
614
1730
684
3267
451
2261
446
610
280
1445
226
166
2195
308
737
1219
1416
1431
5894
281
237
333
1814
340
820
364
1545
307
331
138
117
1455
140
791
390
287
151
228
452
730
748
154
220
135
226
376
342
307
1466
1200
1172
835
4306
263
188
871
1264
217
208
852
3096
316
1024
1301
250
251
306
398
687
875
298
212
625
624
283
195
678
807
165
3925
1010
304
189
483
348
257
376
249
115
878
191
393
422
2094
262
306
281
296
497
404
361
325
793
1916
494
272
1040
615
460
1574
211
3380
282
193
1305
577
649
931
1539
532
2077
763
304
174
587
271
214
1832
1684
1156
254
739
396
407
195
1115
209
564
885
369
702
243
213
351
675
700
2456
2042
220
305
183
265
347
825
470
333
1004
537
761
225
476
391
1972
416
412
1975
1287
886
578
905
799
661
605
1904
486
452
276
1085
451
2826
351
253
885
2326
3232
1085
2393
2021
1044
1733
474
303
147
701
1422
511
262
349
646
811
4515
297
2262
244
517
441
238
384
150
1467
2784
2266
2114
534
306
2374
470
367
268
415
2150
2602
4062
324
592
807
1213
1336
1197
5267
1039
2568
372
1007
669
1223
254
577
931
2000
940
1039
1706
399
398
683
273
857
1082
369
355
221
263
206
350
345
392
1581
2765
752
2182
3348
3194
950
1249
4133
1002
3895
611
3173
352
1237
1431
690
5171
2025
6809
3632
36745
635
727
342
1778
3517
2210
877
510
514
675
565
958
630
899
5846
2455
864
377
520
366
301
661
638
4011
3867
583
368
897
315
387
1059
217
263
1115
3130
1771
230
471
1068
1657
1695
326
795
664
435
529
1593
3693
304
3410
452
288
1458
690
679
1153
1127
606
3454
714
270
365
397
2008
417
6111
880
644
1389
556
323
284
1164
2775
791
1959
366
1612
870
2480
395
1250
1042
238
554
384
177
458
3866
844
406
961
2068
422
7304
1031
737
1170
1799
419
3990
2147
2571
745
417
645
809
2184
1073
4013
1852
3837
1347
729
548
3200
1597
412
316
414
162
262
229
1726
1013
663
1160
375
262
676
473
1946
684
3595
289
233
385
347
252
325
3193
284
164
468
868
406
278
405
446
1020
271
668
925
351
240
235
314
1331
1658
462
1374
327
3280
423
158
586
506
211
2100
2127
560
463
435
344
1829
1602
2279
416
457
286
1600
471
292
433
435
227
526
402
3491
527
240
357
366
316
416
550
520
415
429
792
2585
321
985
1008
785
295
1397
1416
1839
3149
2649
2849
404
1672
706
687
261
2794
1160
820
2410
3262
2304
1437
1335
524
574
873
2101
1861
273
4265
460
408
288
542
2319
567
328
198
1262
361
223
710
1821
3055
819
735
351
247
523
1649
417
905
1851
3511
653
415
255
138
460
624
349
423
581
1159
2574
743
1030
618
260
1539
3961
3042
459
314
181
920
3948
1346
1963
509
240
664
262
550
310
584
781
238
454
599
357
1409
1076
376
307
913
1406
329
318
1033
980
823
1604
1373
507
7403
744
479
830
621
2540
3572
635
2211
788
239
874
454
3787
406
238
485
989
331
1947
518
1329
885
909
2470
2298
8121
535
276
1249
289
489
1000
1121
223
4153
993
3733
792
438
681
5712
763
516
292
1402
1065
235
1139
1196
507
490
567
589
489
859
3551
947
385
652
584
923
765
1277
1170
5761
1348
519
349
278
752
1442
939
202
483
663
1960
3290
1244
5808
1237
2660
837
1507
3283
482
876
1003
5290
4294
1310
406
309
1326
1107
434
2804
3200
781
408
274
1036
1794
2932
415
250
177
636
3121
451
1805
279
5521
1162
1511
364
242
287
951
2720
320
414
508
1367
1831
373
281
628
1929
774
649
480
776
2215
669
1889
3491
503
331
563
645
1258
407
453
487
609
865
805
509
3478
1219
68044
928
448
1692
302
1365
241
1023
2261
728
1433
496
578
265
327
1937
2117
2163
538
1236
3677
782
253
333
566
2120
975
308
197
182
587
1811
372
4503
299
310
215
1700
1327
246
524
254
322
311
657
471
1134
1284
688
2708
1563
2302
1836
368
211
975
440
3104
408
377
714
791
1150
736
768
3100
953
180
383
892
709
655
310
354
305
840
1260
1202
2926
715
514
900
2911
714
611
614
476
267
832
1729
1537
447
1299
293
358
922
3091
505
1781
1306
375
320
229
934
2350
587
1129
808
2444
4723
398
219
385
1255
423
415
765
647
3187
479
254
1688
237
205
2018
366
382
555
268
1011
3235
280
881
2734
1163
265
326
299
829
1960
728
5393
544
1982
2234
230
482
438
1723
1454
3820
288
291
2469
405
354
581
988
232
1786
952
2149
1384
2030
1617
2101
260
476
554
412
199
1738
796
302
183
525
2282
1764
235
128
349
246
3373
4024
229
203
348
1210
351
245
670
337
5155
1804
784
507
1513
2522
944
2403
5622
3797
719
288
1975
4553
1082
4974
715
507
670
626
1803
2779
2719
1962
548
895
1967
2882
1862
789
344
1349
4783
299
533
888
354
564
351
667
2487
730
3087
1125
3647
376
1818
335
2351
3086
2122
451
861
2733
954
499
237
2599
438
185
2211
1005
345
262
129
415
224
630
888
394
2834
281
427
138
356
237
3124
962
715
1483
1375
1497
1839
168
363
236
701
199
1067
1850
475
344
625
1330
168
2376
1966
4453
1170
1013
1154
2924
1052
856
2792
3570
1317
404
925
2644
1043
585
782
389
954
497
361
2940
455
3716
405
523
400
343
3326
2449
3286
6472
569
2745
477
3126
1067
260
1411
455
703
269
2287
222
206
648
1220
2787
164
608
3285
3007
254
576
1001
462
382
189
204
271
334
5386
254
315
2012
240
2756
2472
266
1314
722
729
1174
698
372
359
393
475
1397
689
679
613
856
580
641
2005
2096
4836
3282
542
1502
4542
1310
402
1547
2150
336
1317
1944
734
408
407
224
1158
275
1315
960
211
2458
1284
288
184
1211
1786
1685
1601
3341
380
3772
311
460
1163
2370
2231
300
1512
1578
3228
430
5246
2921
3458
723
1830
659
1039
822
2856
574
459
926
402
748
543
3181
3512
493
187
737
617
1029
795
403
306
792
2290
1465
613
316
491
775
650
618
2097
2436
822
2451
286
319
271
514
1870
353
536
1970
294
3997
4200
1447
1669
3557
239
246
162
810
1509
304
185
548
870
387
2559
5766
371
250
264
421
2511
1030
443
1922
1644
687
536
470
321
1277
1378
1482
1432
1918
12618
3574
2610
748
450
1247
2934
393
479
515
158
820
1945
1413
285
260
508
874
415
1624
335
1053
356
221
610
2172
1727
337
1184
2379
1585
1650
581
276
738
955
317
445
182
2464
903
1151
1540
1505
653
471
850
6964
520
729
585
1210
1328
4581
3265
3981
396
409
466
1337
731
618
1515
1340
396
410
2048
1837
466
6400
322
241
1101
1530
2347
378
1810
2830
687
1666
539
2460
1064
373
1117
1524
960
5021
1836
1190
665
487
2038
5043
1331
572
827
1209
1812
1564
2936
418
693
1437
389
408
1425
373
4610
1643
546
1221
4034
3931
554
361
1273
885
488
569
339
1264
1264
370
1418
3169
1059
1862
5049
1376
637
1505
1341
1719
682
907
1750
1173
445
399
862
1962
2215
1993
778
471
578
708
3282
271
462
741
1135
1914
2193
428
217
249
729
327
917
2871
392
941
282
528
3398
309
1595
1118
2515
621
6233
420
2057
729
631
784
1333
477
298
571
466
1732
725
556
816
1240
961
322
205
434
1797
393
12062
523
349
951
378
2115
1816
2560
554
379
625
472
825
281
288
306
276
1191
1602
1394
587
303
609
320
1536
1095
915
1439
504
724
409
1389
1196
1667
3347
2246
2489
2765
1046
297
346
246
574
1610
205
571
408
950
336
1132
787
330
2693
1020
383
493
158
868
266
3997
4568
3443
9040
654
257
617
1571
2176
1523
2146
3304
1019
415
257
811
1239
912
1155
950
2234
298
978
3425
510
1417
1818
3650
218
229
555
613
567
1120
768
856
2705
265
245
155
373
1609
343
1259
2488
917
4743
1220
3560
825
1722
3288
427
10500
1194
2004
827
498
1862
317
3675
1104
331
255
158
541
916
254
517
1135
1593
4624
262
259
383
350
987
864
292
1260
554
138
547
2267
1641
481
427
2640
3074
3914
213
194
1133
1471
2699
248
244
317
293
301
530
310
355
2661
3010
1734
960
300
1067
3326
5422
1626
14125
1367
2534
2733
2850
1900
674
708
4057
2414
14310
484
510
341
385
1304
3376
757
796
809
620
653
1267
1520
1634
2057
587
2716
1913
3504
377
368
2128
184
721
509
439
1984
2441
421
182
1269
329
595
764
1389
558
1904
2823
263
693
811
1086
281
1547
2134
4140
1092
4265
675
537
319
739
1137
4605
2224
9469
10552
5451
705
276
195
1588
1428
3141
3753
1898
692
245
330
336
589
1295
978
2174
425
4582
687
590
891
2872
1421
388
298
532
1155
823
2457
404
4274
3024
5829
3924
10052
3588
623
285
518
3555
508
272
607
1218
1664
1029
1499
748
4431
460
274
297
210
674
1534
2359
391
379
1797
488
302
384
299
205
231
270
2536
292
433
270
536
1718
851
327
563
3508
4473
517
235
202
824
1896
786
478
5020
1929
642
154
700
1144
1046
716
543
4032
485
702
336
716
314
414
2231
198
292
453
441
2059
2489
522
275
355
255
163
1332
1771
203
215
361
658
1530
795
439
370
888
536
428
988
2524
289
414
948
1587
1255
1669
483
596
1285
1193
1808
503
493
411
1478
440
554
806
636
215
355
494
219
452
322
261
256
2113
221
382
4146
3712
3625
524
1066
137
1106
2418
1696
346
212
1495
2125
1156
234
134
1352
504
957
973
562
639
2067
426
274
1739
2133
1266
423
498
520
556
1157
807
283
232
757
3313
328
335
613
778
2612
1602
751
2345
2712
2165
4891
898
1539
1609
815
4976
25286
523
954
1044
1602
358
323
258
485
591
1375
354
2108
352
643
204
256
1229
1996
720
556
239
412
369
510
1973
2976
277
558
1215
534
1441
1212
6855
353
506
1439
1721
929
3590
821
6360
526
267
4526
2436
672
1878
953
2296
3026
447
2418
515
361
4183
389
2276
2278
4864
421
2687
1739
3911
554
680
283
1537
257
394
216
494
437
569
1565
298
964
1046
2383
1775
3005
3639
1648
1192
2743
300
284
388
1011
901
398
279
231
369
1733
404
4210
1836
2883
6397
2701
2075
1112
2075
1410
1358
495
449
453
609
371
282
1174
357
234
438
1373
856
292
859
451
671
776
297
253
193
664
568
3170
341
1621
650
322
2353
272
1007
490
1655
365
188
151
744
765
3765
659
1388
554
3693
2630
880
1287
5159
561
4193
788
567
1391
956
3426
10961
13861
987
457
431
1793
3804
1754
3815
2877
493
1772
482
338
1088
4322
1040
352
1515
614
2513
568
932
294
690
846
3951
709
2623
428
518
294
1706
876
1479
2865
400
434
287
645
427
691
945
344
7374
558
1093
1505
556
7083
2639
779
1955
887
566
6305
964
2003
351
3566
1549
434
369
639
2720
889
539
645
5639
4962
2199
561
1918
426
1216
1661
2178
490
257
965
1342
382
1980
1232
2573
403
331
370
869
661
253
2496
2149
697
1483
1794
497
297
330
284
127
904
290
329
276
716
1499
290
1005
1945
572
877
1874
8855
619
3185
548
412
2217
1822
708
626
1115
2100
1803
891
959
525
458
699
171
1333
555
629
327
496
1724
2039
3414
405
280
207
794
975
1863
2404
328
221
395
219
1297
2283
251
604
2323
447
1606
1249
466
430
562
1157
1832
448
4196
2622
405
4084
318
281
129
296
139
1769
362
3437
1291
518
318
2419
5348
1208
5829
1466
5778
501
337
1270
1101
1148
1211
404
2356
2829
2145
604
568
672
479
571
1005
1119
1489
1317
1312
500
492
281
371
270
433
1312
590
368
292
639
4301
2272
270
289
789
307
389
639
1939
1240
1320
548
2045
3254
2459
12240
677
358
266
353
2220
426
3086
1575
3528
1705
756
1091
2642
619
464
303
908
2516
633
494
249
462
2473
1970
1464
2650
303
267
1199
1489
1188
682
1197
280
304
288
494
1540
2041
921
2122
1657
212
579
698
1106
390
1771
249
268
288
247
470
145
1409
1022
584
1301
3405
456
223
480
5659
1938
1165
5611
6641
3882
2349
463
1384
2362
1035
582
1675
1056
520
528
748
636
653
369
236
674
374
566
739
496
218
246
423
1162
222
1295
1038
1591
284
329
1430
249
419
1255
883
2428
1125
900
185
1145
252
485
279
2947
3077
1952
222
172
749
631
221
424
943
2140
1163
448
476
249
162
474
369
1934
1027
748
4130
235
2861
883
3060
3097
3207
537
1421
2189
1790
5251
553
2178
6429
573
1392
1687
953
3515
2160
3892
562
324
858
782
545
2409
1562
355
2345
381
294
386
268
1169
446
1145
1612
742
909
332
1607
389
251
554
353
364
1154
605
732
5598
2006
800
478
3347
1772
869
837
1813
403
601
2794
954
1133
1848
552
266
222
386
200
148
2132
452
437
662
1280
483
280
294
1230
2522
670
540
373
1464
904
1377
1413
2730
431
467
264
708
2073
872
2211
1419
251
296
1181
604
566
544
22997
793
1572
914
437
977
1696
847
975
471
209
2944
554
402
302
695
2918
1379
1337
1130
1415
672
1180
219
636
358
408
665
465
2415
3621
603
2454
328
153
813
774
764
197
275
334
557
1141
266
435
259
1458
234
132
1448
1409
2386
714
232
1646
8841
897
10585
610
654
308
1555
302
770
784
6875
1853
738
374
589
658
1354
3366
1945
932
366
2929
1292
2377
416
659
2590
4814
1718
1157
1590
1603
2123
487
441
1671
4208
409
312
1644
1825
432
182
883
2387
2154
274
206
626
496
942
2352
824
263
470
250
279
421
1324
422
300
169
1334
842
1260
284
1777
3710
600
1914
7998
6602
502
577
1032
2670
2896
2529
1092
7099
2151
559
482
294
581
2968
1667
541
2163
2553
1026
464
250
195
537
628
698
1285
922
557
1426
316
425
1351
3144
1508
529
265
2106
1462
1114
4161
688
608
5029
3424
3853
590
384
937
3621
4128
1654
664
419
419
780
743
1075
1410
1819
962
1607
275
576
4008
762
2143
428
469
358
1310
1526
794
2188
289
1926
1607
2112
1413
378
270
183
1236
337
411
255
363
2565
521
951
3006
2215
597
1255
2018
1383
1017
1881
1013
610
1741
188
4414
629
437
480
2901
2058
378
364
785
391
276
284
397
729
1058
1399
2725
3490
449
802
300
352
336
451
353
251
1772
286
160
147
444
148
153
320
358
777
263
311
256
220
204
1031
342
270
1023
836
2769
269
607
1203
933
2055
483
2776
4682
480
234
1326
364
1241
504
1366
4297
1139
2487
521
303
2762
1718
1175
1730
410
1741
1911
2050
1266
1108
276
250
347
988
219
2823
3406
271
209
1147
127
342
2810
1379
1090
4215
312
1315
1019
1331
3217
714
421
745
1059
6597
670
680
477
407
959
3036
1793
941
4588
1292
3406
407
368
729
351
3012
1296
410
505
708
207
268
558
1382
2055
481
539
824
386
903
2110
2001
7985
2678
4916
777
1790
1141
601
326
701
443
262
614
1473
809
2116
1717
2541
583
280
618
291
553
1358
388
460
280
941
1157
1087
269
1059
1375
1329
3048
842
5823
829
714
325
533
672
1174
473
2008
322
2000
774
1935
401
2043
878
1754
2115
506
237
599
399
368
1012
1375
3876
296
3905
4043
420
200
307
302
447
740
338
169
836
553
2311
280
442
224
270
1204
1327
2157
457
304
378
918
1276
1151
2117
1181
218
198
126
770
1384
1504
231
2071
268
205
250
210
1392
332
250
755
1246
428
1925
2347
2692
2442
717
395
845
2937
428
748
1584
3580
664
587
968
3439
619
375
677
823
728
766
1376
4395
1038
374
2661
415
421
1176
1849
917
313
1465
801
362
1172
1390
216
226
376
336
2211
1662
1138
244
1534
1957
1120
220
415
424
296
1329
361
461
464
1688
1723
407
171
415
441
301
200
130
578
2692
674
722
390
499
255
388
815
353
1879
1841
925
953
1732
1427
507
396
2362
1964
1969
840
952
4147
534
579
272
3165
2204
2604
856
290
1536
409
1850
764
390
1387
707
1364
1816
290
457
335
899
148
633
477
608
325
1071
293
1343
2724
274
245
339
493
1764
2505
2567
258
446
538
1948
230
1281
1531
935
985
1130
601
1865
1579
189
696
255
184
889
859
437
1531
1279
3848
559
291
193
392
476
557
1340
1355
482
1265
370
208
254
1007
1019
1244
547
579
243
784
495
303
1349
266
486
2097
329
2427
1396
148
330
539
310
337
635
561
1681
2052
1120
225
902
326
1109
905
1862
345
1572
711
325
3879
1263
512
371
853
376
366
3125
876
863
468
2116
359
258
1467
600
848
2522
4059
5494
669
390
2476
3390
1027
486
1717
758
614
2182
3153
582
342
1212
946
754
899
410
2870
3408
656
2325
3559
936
1625
5297
3434
3139
688
277
1084
196
974
2471
280
230
2650
267
343
1025
1302
2431
264
1365
581
6909
3857
9019
695
715
1484
936
1886
833
478
3187
859
1369
1312
999
1292
3613
3123
1398
3293
958
897
370
697
2442
570
1138
2348
1834
434
294
2404
252
468
575
440
877
481
278
745
932
1084
2408
1952
236
178
547
861
336
683
1567
322
726
342
833
3961
329
339
283
2334
1046
708
475
1197
5100
644
904
214
2447
464
2199
359
656
1912
1265
2511
1000
363
1091
2020
708
1235
6044
9660
809
744
703
704
4105
382
303
361
413
655
523
833
510
335
1303
2470
218
278
863
324
2169
262
188
1342
1543
3414
851
1248
381
819
748
813
378
963
828
2388
2951
5756
776
3258
1213
3085
978
359
482
153
303
1536
288
613
3718
543
501
1103
6379
316
428
274
2670
4096
1376
1497
632
574
359
3469
946
230
314
2477
1346
2560
951
409
265
1505
813
489
1949
3018
2089
323
303
1150
1130
1765
455
422
396
1201
460
208
215
757
1020
349
348
551
1916
1132
6342
728
224
2652
386
2294
446
238
2002
3311
382
156
549
483
342
1769
2163
464
251
407
1096
875
270
211
654
210
155
201
320
402
770
1807
212
564
5166
208
180
125
614
611
561
984
362
295
1723
337
474
242
1908
2237
2934
1103
1269
3376
264
264
572
789
2102
1706
279
184
299
589
1303
458
1636
285
146
388
263
510
1558
1664
437
1804
2087
1136
1017
389
2012
1089
2938
755
875
505
1319
2034
1477
1430
478
481
695
271
3129
1074
507
254
441
3312
1473
307
987
692
1776
2219
3908
585
429
373
339
3350
4332
5431
2625
302
235
691
427
1857
2125
1276
358
200
736
819
171
4500
1226
1636
377
206
217
652
817
698
585
1704
1007
552
156
133
393
2196
1047
1051
202
273
465
1304
1154
758
180
326
132
162
419
353
205
1650
1317
309
302
605
318
1525
281
3032
600
889
470
1678
1615
2745
853
569
1958
1245
875
4609
511
997
950
3578
4530
1574
8208
5537
3739
528
290
328
317
1039
1441
1584
3315
1777
2870
925
333
505
469
833
1064
617
2096
1550
2736
1009
1211
551
6894
2490
3156
5714
1911
337
699
976
1706
2224
3272
2042
2875
610
1773
419
2206
375
520
2052
247
1896
512
302
1818
536
520
1113
434
451
250
447
389
870
199
269
419
233
199
119
384
423
303
214
284
154
1147
240
223
390
545
742
309
215
417
423
1453
1710
1647
289
210
154
475
885
2527
436
998
375
324
1116
3812
4300
444
5198
3085
6697
672
564
2926
707
662
471
2460
1317
422
200
349
714
252
1806
2410
320
165
694
1697
785
904
248
157
375
303
802
376
1315
2078
402
300
1066
307
1518
931
2264
882
241
162
203
829
478
2073
527
294
1001
5247
3678
9079
647
2133
422
632
1090
3187
470
1690
2061
621
27150
25698
5423
2317
4759
594
1215
1517
686
1440
2301
526
300
877
940
596
1158
406
260
299
1591
455
1043
340
1733
4405
2529
551
525
275
1818
1413
6487
3409
479
2163
3317
1845
2717
5382
3254
3155
602
2086
3194
1572
2367
459
474
592
340
323
452
313
779
726
790
333
5713
1839
431
1041
1141
3178
2430
495
274
1205
186
2586
547
517
790
835
632
1645
483
5594
446
431
620
1359
688
2691
877
369
843
2075
507
2159
4598
475
2562
468
503
2117
2934
1021
2306
376
578
374
472
2987
289
546
2519
1824
554
241
891
1772
533
854
686
742
774
691
505
742
1467
746
3452
721
7478
3071
978
444
290
492
594
769
392
2424
130
158
256
391
623
162
2115
274
2186
384
281
731
1784
2585
203
154
478
1247
547
2355
248
321
179
371
1021
500
3336
425
167
191
173
1285
326
1216
2344
4190
279
3932
4248
695
333
718
2230
3431
3845
1209
8452
3559
525
872
1544
562
2900
670
277
1266
343
351
431
924
545
673
478
280
1232
736
1675
361
3112
648
2729
562
1662
1022
537
544
329
3417
472
586
1571
1536
827
382
1867
395
714
2617
857
304
168
436
3239
367
478
1237
929
438
251
207
202
1127
678
344
2258
244
1717
330
153
256
482
412
508
1884
381
259
291
250
205
206
1224
473
1685
1233
940
1580
497
922
334
541
394
1480
1109
873
314
223
138
263
1579
1869
1010
1730
527
347
979
788
435
3111
2421
866
445
668
572
247
335
547
4796
521
1213
3700
2770
1239
674
356
1815
409
749
3691
1425
1596
433
952
2760
4069
443
324
957
680
1062
1000
1045
2358
1369
750
313
4339
341
531
549
2650
952
1995
826
2283
2782
324
261
1008
385
1147
4618
237
208
365
1394
1555
1118
249
612
1668
1451
220
203
263
188
1153
1218
906
3009
1088
242
244
1925
212
147
628
749
193
180
221
640
465
2048
699
284
424
160
387
1437
575
815
3474
418
739
664
1003
2797
1705
5223
574
589
395
1848
4244
1716
684
392
1179
2147
909
2649
478
903
302
187
1104
623
229
1622
475
286
503
2133
291
1942
408
285
366
1439
725
3134
293
301
675
313
1761
1207
327
205
370
258
708
1781
1615
502
264
1028
1176
1340
508
500
647
1083
574
528
620
1330
605
1049
613
368
544
399
1867
705
818
270
221
275
823
6020